分类过的加分标准										
										
增加属性	所增加的名称	Arm	Shld	Helm	Belt	Cape	Gaunt	Boot	Ring	Amul
										
力量	力量之	5	0	10	10	10	10	5	10	10
智力	思想之	5	0	10	10	10	10	5	10	10
人格	魅力之	5	0	10	10	10	10	10	10	10
耐力	精力之	5	0	10	10	10	10	5	10	10
精确度	精准之	5	0	10	10	10	10	5	10	10
速度	速度之	5	0	10	10	10	10	25	10	10
幸运	幸运之	5	0	10	10	10	10	10	10	10
生命点数	健康之	10	5	5	0	10	5	10	10	10
法力点数	魔法之	10	5	10	0	10	10	10	10	10
防御等级	防御之	20	20	10	0	10	10	5	10	10
火系魔法抵抗力	火系抵抗之	10	10	5	0	10	15	5	10	10
风系魔法抵抗力	风系抵抗之	10	10	5	0	10	15	5	10	10
水系法术抵抗力	水系抵抗之	10	10	5	0	10	15	5	10	10					
地系法术抵抗力	地系抵抗之	10	10	5	0	10	15	5	10	10					
心系法术抵抗力	心系抵抗之	10	10	5	0	10	15	5	10	10					
体系法术抵抗力	体系抵抗之	10	10	5	0	10	15	5	10	10					
炼金术技能	炼金术之	0	0	0	5	5	0	5	10	15					
偷窃技能	偷窃之	0	0	0	0	0	0	0	0	0					
解除陷阱技能	解除陷阱之	0	0	5	5	5	20	5	15	5					
辨识物品技能	辨识物品之	0	0	5	5	5	5	5	10	15					
辨识怪物技能	辨识怪物之	0	0	0	5	5	5	5	10	15					
武器大师技能	武器大师之	10	10	10	10	0	10	10	0	0					
闪躲技能	闪躲之	0	0	0	0	0	0	0	0	0					
徒手搏击技能	赤手空拳之	0	0	0	0	0	0	0	0	0					

		115	70	115	70	140	155	110	140	140					

	Bonus range for Standard by Level					Value Mod= (+100 / Plus of Item)									
	lvl	min	max
	1	0	0
	2	1	5
	3	3	8
	4	6	12
	5	10	17
	6	15	25

	(note weapons can only have Special Bonuses)		
