Standard Bonuses by Group										

Bonus Stat	Of Name	Arm	Shld	Helm	Belt	Cape	Gaunt	Boot	Ring	Amul

力量	(增强力量)	5	0	10	10	10	10	5	10	10
智力	(提高智力)	5	0	10	10	10	10	5	10	10
个性	(增强个性)	5	0	10	10	10	10	10	10	10
耐力	(增强耐力)	5	0	10	10	10	10	5	10	10
命中率	(提高命中率)	5	0	10	10	10	10	5	10	10
速度	(提高速度)	5	0	10	10	10	10	25	10	10
运气	(提高幸运值)	5	0	10	10	10	10	10	10	10
生命值	(增加生命值)	10	5	5	0	10	5	10	10	10
魔法值	(增加魔法值)	10	5	10	0	10	10	10	10	10
防御等级	(提高防御等级)	20	20	10	0	10	10	5	10	10
火魔法防御值	(提高火魔法防御值)	10	10	5	0	10	15	5	10	10
空气魔法防御值	(提高空气魔法防御值)	10	10	5	0	10	15	5	10	10
水魔法防御值	(提高水魔法防御值)	10	10	5	0	10	15	5	10	10					
土魔法防御值	(提高土魔法防御值)	10	10	5	0	10	15	5	10	10					
心智魔法防御值	(提高心智魔法防御值)	10	10	5	0	10	15	5	10	10					
肢体魔法防御值	(提高肢体魔法防御值)	10	10	5	0	10	15	5	10	10					
炼金术	(提高炼金术)	0	0	0	5	5	0	5	10	15					
偷窃术	(提高偷窃术)	0	0	0	5	5	20	5	15	5					
拆卸术	(提高拆卸术)	0	0	0	5	5	20	5	15	5					
物品鉴定术	(提高物品鉴定术)	0	0	0	5	5	0	5	10	15					
怪物鉴定术	(提高怪物鉴定术)	0	0	0	5	5	0	5	10	15					
武器使用术	(提高武器使用术)	10	10	10	0	0	10	0	0	0					
躲避术	(提高躲避术)	0	0	0	15	10	5	10	5	5					
空手搏斗术	(提高空手搏斗术)	0	0	0	5	5	20	10	5	5					

		115	70	115	70	140	155	110	140	140					

	Bonus range for Standard by Level					Value Mod= (+100 / Plus of Item)									
	lvl	min	max
	1	0	0
	2	1	5
	3	3	8
	4	6	12
	5	10	17
	6	15	25

	(note weapons can only have Special Bonuses)		
