2D#	行动说明
1	路人皆知，一头巨龙居住在这些洞穴中。在洞穴周围游荡的亡灵可能是那些因为觊觎里面富可敌国的宝藏，铤而走险进洞寻宝的探险者。
2	从洞口飘来淡淡的硫磺气味，并隐约有窃窃私语之声，但听不懂是什么语言。
3	
4	
5	
6	
7	
8	
9	
10	
11	
12	
13	
14	
15	
16
17
18
19
20
21
22
23
24
25
26
27
28
29
30
31
32
33
34
35
36
37
38
39
40
41
42
43
44
45
46
47
48
49
50
51
52
53
54
55
56
57
58
59
60
61
62
63
64
65
66
67
68
69
70
71
72
73
74
75
76
77
78
79
80
81
82
83
84
85
86
87
88
89
90
91
92
93
94
95
96
97
98
99
100
101
102
103
104
105
106
107
108
109
110
111
112
113
114
115
116
117
118
119
120
121
122
123
124
125
126
127
128
129
130
131
132
133
134
135
136
137
138
139
140
141
142
143
144	
145	
146	
147	
148	
149	
150	
151	
152	
153	摄政王威尔伯・汉弗里，王国的首席游侠，和尼古拉・艾恩法斯特王子，恩洛斯王位的继承人，一同居住于铁拳城堡。
154	
155	阿尔伯特・牛顿爵士，恩洛斯的首席大法师，居住于牛顿城堡。
156	
157	奥斯里克・坦普爵士，王国的首席剑客，居住于坦普城堡。
158	
159	安东尼・斯通爵士，自由天堂的首席大主教，居住于斯通城堡。
160	
161	劳里达・弗丽斯夫人，王国财政大臣，居住于弗丽斯城堡。
162	
163	埃里克・冯・斯壮姆嘉德爵士，北方边境的侯爵，居住于斯壮姆嘉德城堡。
164	
165	自古以来，神使赋予恩洛斯的统治者以睿智和聪慧。
166	
167	
168	
169	
170	这座控制中心从大约12个世纪之前的“寂静”事件开始就被关闭了。
171	已风化的砖石遮蔽着这个耸立在土丘上的堡垒。一个破旧的阶梯通向城堡主楼地下，微弱的声音从里面回荡而出。
172	从大门后发出奇怪的吱吱声。这个建筑曾经是一座羊鸣庙，但因为一个魔法诅咒而导致信徒不得不全数撤离。
173	本应为一座废弃的建筑，却有新近的脚印进出于一扇刚修补过的大门。也许还有人在使用这个建筑。
174	入口上方的古代符文试图吓退随意闯入的不速之客。门前到处是新近的大耳怪脚印。
175	这些岩洞原属于被放逐的洛克林国王，现为新矮人国王斯纳格的家园。
176	这些岩洞本来的名字已被人忘却，现以将此地设为据点匪徒帮会的名字命名。
177	这个小型哨站是银色兄弟会的前线基地。从这里出发，可以在浓雾镇巡逻，镇邪驱魔。
178	这是所谓的侠盗王子的家园，阴影教在此自由地运作而不受安东尼・斯通的管辖。这个教派大堂不向公众开放。
179	恩洛斯最大的矮人矿，斯纳格国王在即位后占有此矿。
180	龙骑兵将此城堡重建并翻修一新，作为他们的总部，以便从这里出发去抢劫那些进出自由天堂的商队与路人。
181	这里曾是大法师德雷克斯的住所，考勒根因在王位争夺战争中战功卓著，从阿基巴德手中受此封地。
182	这里是银色兄弟会的总部和约翰・席尔瓦爵士的老家。银舵兵团从此出发逡巡银湾镇以搜寻邪恶势力。
183	这座可预测吉凶的建筑散发出无尽魔力，来自恩洛斯各地的僧侣们定期来此地朝圣。
184	埃斯里克是第一个追求死后生命的巫师，他作为一群亡灵奴仆的领袖，至今仍在他自己的坟墓边游荡。至少，据说是这样……
185	原本是为了阻止生灵逃离冰冻荒原，现在这座堡垒却阻断了斯壮姆嘉德城堡和白帽镇之间的交通路线。
186	这个气势雄伟的堡垒中不时传出金属的撞击声和喊叫声。无人胆敢攻击此军阀老家。
187	这些岩洞中飘散出阵阵恶臭。能听到狼的嗥叫从远处传来。
188	烈火元素兽曾在此协助加里克尝试发明威力巨大的物件。他的一班学生正继续他的实验。
189	这个实验室是无数可怕实验的发生地。为安全和保密起见它被建在偏远地区。
190	这些洞穴中驻扎着人类战士和巨龙的罕见强盗联盟。恩洛斯城镇中建立的龙塔就是为了防御这些掠夺者。
191	庙宇的门外可以听到微弱的吟唱声。该寺庙似乎不欢迎访客。
192	这个庞大但简单的建筑已经成为了一个名为“神拳会”的小型宗教团体的朝拜中心。
193	死亡和腐尸的气味弥漫在此建筑的周围。新来的朝拜者早已忘记了这座庙宇原来的宗旨。
194	被遗忘的太阳庙圣坛依然耸立着。尽管在潮湿的丛林中这么多年，太阳庙令人惊讶地保存完好。
195	原本是月亮庙的朝拜地，但现在这座古老的圣地已经成为了塞德里克兄弟会的僧侣们的家园。
196	接近大门时能感觉到温度不断升高，硫磺和烟灰的气味十分刺鼻。比起寺庙来，这个地方更像是一个隐匿之地。
197	作为恩洛斯羊鸣教朝拜的中心，顶级羊鸣庙只允许羊鸣教的教徒进入。
198	石像零零落落四处散布，使整个星岛显得更加静谧。显然，关于美杜莎女妖生活在此庙中的传言绝非空穴来风。
199	第一个致力于魔法研究的堡垒，其偏远的地点为法师保守了秘密，并在突发事故时避免了民众受其伤害。
200	接近城堡大门时会感到温度下降。传说城堡里保存着关于如何超越死亡，化作亡灵生物的知识。
201	克里格斯城堡不再仅以水环绕，城堡的四周还筑起了土丘以防止里面的生灵逃离。
202	这座金字塔似乎是用一种神秘的金属建成，它的一部分已经埋没在了沙漠之中。
203	这座奇特的建筑俯瞰着天堂谷的壮观景色，它的外壁由未知材料构成。
204	
205	
206	
207	
208	
209	
210	进入维兰坟墓
211	进入蜂房
212	
213	
214	
215	
216	
217	进入地下城
218	进入地下城
219	
220	进入地下城
221	
222	
223	
224	进入地下城
225	
226	
227	进入地下城
228	
229	
230	
231	进入地下城
232	进入地下城
233	进入铁拳城堡
